Arquivo de Saída

1, 1, [ 0 0 0 0 0 0 ]
1, 2, [ 0 0 0 0 0 0 ]
1, 3, [ 0 0 0 0 0 0 ]
1, 4, [ 0 0 0 0 0 0 ]
3, 1, 5, [ 0 0 0 0 0 1 ]
2, 3, 5, [ 0 0 0 0 0 1 ]
3, 2, 4, [ 0 0 0 0 2 1 ]
1, 1, [ 0 0 0 0 2 1 ]
1, 5, [ 0 0 0 0 2 1 ]
2, 3, 4, [ 0 0 0 0 2 1 ]
2, 3, 1, [ 0 3 0 0 2 1 ]
1, 3, [ 0 3 0 0 2 1 ]
2, 5, 4, [ 0 3 0 0 2 1 ]
2, 5, 4, [ 0 3 0 0 2 1 ]
2, 5, 4, [ 0 3 0 0 2 1 ]
2, 5, 4, [ 0 3 0 0 2 1 ]
1, 2, [ 0 3 0 0 2 1 ]
1, 6, [ 0 3 0 0 2 1 ]
2, 5, 4, [ 0 3 0 0 2 1 ]
2, 5, 4, [ 0 3 0 0 2 1 ]
2, 5, 0, [ 5 3 0 0 2 1 ]
1, 5, [ 5 3 0 0 2 1 ]
4, 5, 0, [ 0 3 0 0 2 1 ]
1, 5, [ 0 3 0 0 2 1 ]
2, 6, 4, [ 0 3 0 0 2 1 ]
2, 6, 4, [ 0 3 0 0 2 1 ]
2, 6, 4, [ 0 3 0 0 2 1 ]
2, 6, 4, [ 0 3 0 0 2 1 ]
2, 6, 4, [ 0 3 0 0 2 1 ]
2, 6, 4, [ 0 3 0 0 2 1 ]
2, 6, 0, [ 6 3 0 0 2 1 ]
1, 6, [ 6 3 0 0 2 1 ]
4, 6, 0, [ 0 3 0 0 2 1 ]
1, 6, [ 0 3 0 0 2 1 ]
2, 4, 4, [ 0 3 0 0 2 1 ]
2, 4, 0, [ 4 3 0 0 2 1 ]
1, 4, [ 4 3 0 0 2 1 ]
